hyperparameters:
  n_estimators: 159
  max_depth: 10
  learning_rate: 0.25613125850918106
  subsample: 0.694175554019842

Expected_Model_Score: 0.6
